function testSamples = RandomTestSamples()
testSamples = [
%     0.9709   -0.6816    0.6993   -0.2618    2.1450;
%     0.1432   -0.0051    0.5674   -0.2697   -0.5577;
%    -0.7028   -0.3681   -0.5076   -0.8284   -1.1698;
%    -0.4191   -0.0811   -0.6858   -0.5040   -2.1334;
%     0.2051   -0.1547    0.7013   -0.2161   -0.1230;
%    -0.5144   -0.4085   -0.8872   -0.7416   -2.4123;
%     0.7129   -0.7775    0.2442   -0.9517   -2.7857;
%    -0.3363   -0.8131   -0.7664   -0.5581    2.6064;
%     0.0705   -0.9859   -0.2121   -0.5734    2.1715;
    0.3629   -0.0088    0.5804   -0.4591   -1.1210;
%    -0.0100   -0.5273   -0.3349   -0.1473    2.2780;
%     0.0125   -0.6355    0.4578   -0.8628   -0.4721;
%    -0.0635   -0.6658    0.3414   -0.3724    0.6272;
%     0.5648   -0.6333    0.1274   -0.3910    2.6359;
%    -0.8941   -0.6277   -0.4234   -0.7963   -0.3438;
%     0.1423   -0.1326   -0.3571   -0.1574   -3.0920;
%    -0.1070   -0.5925   -0.3675   -0.1658    2.1189;
%    -0.2012   -0.7207   -0.6282   -0.9810   -2.5941;
%    -0.5025   -0.8135   -0.7219   -0.3642    2.0251;
%    -0.7856   -0.1951   -0.2862   -0.2196   -0.0492;
%     0.6275   -0.9285    0.5628   -0.4327    1.7006;
%    -0.0065   -0.8151   -0.3953   -0.5008    2.4617;
%     0.9785   -0.7942    0.5270   -0.5795    2.6976;
%    -0.1537   -0.3337   -0.0329   -0.8188   -1.3268;
%    -0.5119   -0.4526   -0.0694   -0.2198    0.4842;
%     0.8926   -0.1818    0.4048   -0.0719    2.9200;
%    -0.7631   -0.9185   -0.2714   -0.8280    0.1820;
%    -0.4672   -0.5100   -0.9353   -0.6856   -2.7828;
%     0.6558   -0.7997    0.9821   -0.4209    0.8598;
%    -0.5983   -0.7829   -0.8045   -0.3274    1.9958;
%    -0.3781   -0.6176   -0.1783   -0.1593    1.1597;
%     0.8178   -0.8634    0.8258   -0.3635    1.5548;
%     0.4357   -0.5109    0.5452   -0.0230    1.3501;
%     0.8319   -0.9305    0.3722   -0.7338    2.7374;
%     0.3494   -0.8202    0.6313   -0.4073    0.9719;
%     0.3323   -0.6353   -0.1620   -0.5595    2.9895;
%    -0.8143   -0.5209   -0.9368   -0.0362    1.8183;
%     0.7176   -0.8096    0.2339   -0.6828    2.8852;
%     0.6399   -0.9692    0.6023   -0.4706    1.6462;
    0.1851   -0.7458   -0.2458   -0.9994   -2.6096;
%     0.8238   -0.7476    0.6963   -0.2642    1.8287;
%    -0.6292   -0.9698   -0.1292   -0.9621    0.0153;
%    -0.3591   -0.6940   -0.7188   -0.3468    2.3738;
%    -0.0222   -0.5949    0.2615   -0.1832    0.9675;
%    -0.4706   -0.1589   -0.4437   -0.6582   -1.5169;
%    -0.6447   -0.5188   -0.3988   -0.9541   -1.0565;
%    -0.1693   -0.5880   -0.5432   -0.2560    2.4154;
%     0.9979   -0.8099    0.7076   -0.4028    2.1902;
%     0.9112   -0.6833    0.5061   -0.3901    2.5150;
%    -0.1381   -0.5272   -0.5018   -0.1841    2.3854;
%    -0.2538   -0.7374   -0.7081   -0.5286    2.7107;
%     0.2746   -0.8808    0.5457   -0.4606    0.9979;
%     0.5166   -0.8588    0.2076   -0.4657    2.2369;
%    -0.3259   -0.0722   -0.1203   -0.5279   -1.1469;
%    -0.2472   -0.4983   -0.3667   -0.0128    1.8122;
%    -0.8682   -0.4410   -0.4099   -0.6408   -0.4110;
%    -0.8992   -0.7822   -0.4353   -0.9687   -0.3822;
%     0.1162   -0.4365   -0.3408   -0.6394   -2.7238;
%    -0.5762   -0.2173   -0.7994   -0.6647   -2.0336;
%    -0.3252   -0.1493   -0.6256   -0.5490   -2.2152;
%    -0.8825   -0.6938   -0.4352   -0.4704    0.4630;
%     0.5924   -0.7808    0.2773   -0.3925    2.2526;
%     0.5013   -0.7346    0.0242   -0.8841   -2.8378;
%    -0.7879   -0.3743   -0.3150   -0.2121    0.3305;
%     0.9462   -0.6159    0.7648   -0.1500    1.9421;
%     0.2314   -0.1181   -0.2634   -0.1905   -2.9962;
%     0.1952   -0.5531    0.4674   -0.1337    0.9953;
%    -0.7572   -0.4039   -0.7016   -0.9008   -1.4595;
%    -0.5712   -0.8990   -0.6473   -0.4049    1.7236;
%     0.7138   -0.7232    0.5062   -0.2683    1.9989;
    0.9449   -0.1641    0.5317   -0.4457   -2.5433;
%    -0.6944   -0.5909   -0.6227   -0.0961    1.4268;
%     0.6069   -0.1233    0.2383   -0.4611   -2.3996;
%    -0.7985   -0.5249   -0.9911   -0.0634    1.9661;
%    -0.9245   -0.8993   -0.4777   -0.6748    0.4657;
%    -0.7785   -0.2392   -0.4340   -0.6016   -0.8106;
%    -0.4996   -0.9038   -0.9992   -0.9244   -3.1004;
%    -0.6817   -0.9468   -0.4642   -0.4966    1.1207;
%     0.7622   -0.8811    0.9276   -0.4093    1.2338;
%    -0.1339   -0.0475    0.2258   -0.3949   -0.7680;
%    -0.5138   -0.2123   -0.0168   -0.1579    0.1090;
%    -0.3145   -0.8821    0.0160   -0.5069    0.8487;
%    -0.2992   -0.9261   -0.1533   -0.4479    1.2746;
%    -0.2416   -0.8039    0.1837   -0.5410    0.5536;
%    -0.8217   -0.1202   -0.4997   -0.5026   -0.8708;
%    -0.9949   -0.6082   -0.6860   -0.2151    0.9048;
%     0.4505   -0.4310    0.0531   -0.1277    2.4896;
%    -0.9432   -0.7285   -0.9396   -0.2285    1.5636;
%     0.1012   -0.7740    0.5715   -0.6042    0.3465;
%    -0.3127   -0.5716   -0.6952   -0.8937   -2.4417;
%     0.5307   -0.9949    0.3509   -0.5283    1.9386;
%     0.2111   -0.3750    0.3875   -0.8429   -1.2103;
%     0.8410   -0.4742    0.6106   -0.0304    2.0498;
%    -0.8709   -0.1585   -0.3739   -0.2134   -0.1100;
%     0.3026   -0.7522   -0.1507   -0.5412    2.7060;
%    -0.5340   -0.7549   -0.8753   -0.3895    2.3221;
%    -0.7645   -0.5357   -0.5133   -0.9680   -1.0443;
%    -0.2994   -0.7444   -0.6236   -0.3637    2.2762;
%     0.7014   -0.5514    0.3733   -0.1741    2.2866;
%     0.8984   -0.6480    0.4277   -0.4795    2.7977;  
    ];
end