function trainingSamples = RandomTrainingSamples()

trainingSamples = [
   -0.0333   -0.7780    0.3113   -0.4157    0.8103;
    0.0784   -0.7376    0.2954   -0.2872    1.1218;
    0.8065   -0.0849    0.5493   -0.5137   -2.1109;
   -0.3975   -0.4715   -0.1550   -0.9087   -1.0644;
    0.2010   -0.9867    0.3051   -0.4977    1.3610;
    0.9392   -0.7228    0.4483   -0.8181   -2.9497;
    0.4693   -0.3359    0.0290   -0.0989    2.6477;
   -0.2807   -0.2246    0.0099   -0.6315   -0.9506;
   -0.9415   -0.0184   -0.5363   -0.3112   -0.6257;
    0.2219   -0.0184    0.5925   -0.3540   -0.7361;
   -0.5857   -0.2564   -0.0920   -0.3355   -0.1590;
    0.3739   -0.3259    0.7898   -0.6034   -0.5884;
   -0.1167   -0.2345    0.0358   -0.7106   -1.2608;
   -0.8170   -0.2247   -0.5619   -0.6547   -1.0354;
    0.9103   -0.3950    0.9523   -0.8932   -1.4868;
   -0.7683   -0.5357   -0.3066   -0.3440    0.3935;
    0.7935   -0.7961    0.3216   -0.9615   -2.8044;
   -0.6195   -0.3717   -0.1530   -0.5516   -0.3680;
    0.8812   -0.0218    0.3925   -0.1274   -2.9289;
   -0.5244   -0.6931   -0.0559   -0.5183    0.3571;
    0.8800   -0.6986    0.4686   -0.4144    2.5370;
   -0.9381   -0.9424   -0.6214   -0.5556    0.8848;
   -0.8141   -0.8173   -0.3704   -0.5868    0.4791;
   -0.0640   -0.5414   -0.4394   -0.8717   -2.4200;
    0.5776   -0.5905    0.1200   -0.3892    2.7271;
    0.2276   -0.7174    0.6959   -0.5422    0.3580;
    0.4569   -0.4590    0.1889   -0.0369    2.1363;
   -0.0001   -0.2936   -0.4212   -0.0240    2.5721;
    0.4048   -0.9760   -0.0864   -0.8828    2.9540;
   -0.5347   -0.3096   -0.0748   -0.1133    0.4034;
   -0.4603   -0.4628   -0.7296   -0.8841   -2.1395;
    0.4401   -0.1111    0.8964   -0.3156   -0.4213;
    0.3034   -0.9308    0.7708   -0.7532    0.3631;
   -0.3083   -0.3225   -0.3891   -0.8159   -1.7330;
    0.5414   -0.3220    0.9848   -0.5530   -0.4803;
   -0.5317   -0.8610   -0.0608   -0.6930    0.3427;
    0.4041   -0.7679    0.5453   -0.2882    1.2845;
   -0.6419   -0.8442   -0.6736   -0.3452    1.6342;
    0.0453   -0.9046    0.2731   -0.4595    1.0979;
   -0.8658   -0.2274   -0.7705   -0.7182   -1.3789;
    0.0443   -0.1970   -0.4307   -0.0409    2.8241;
   -0.3541   -0.6487   -0.8175   -0.4609    2.7564;
   -0.0033   -0.3915    0.4170   -0.1208    0.5722;
   -0.1034   -0.4569   -0.2355   -0.9391   -1.8381;
    0.3926   -0.9469    0.6589   -0.5237    1.0092;
    0.9753   -0.3554    0.7348   -0.7938   -2.0725;
    0.5942   -0.6164    0.3911   -0.1595    1.9890;
   -0.1767   -0.6821   -0.6387   -0.8733   -2.7491;
   -0.6553   -0.6526   -0.3706   -0.2416    0.9650;
    0.3712   -0.1763    0.3636   -0.6762   -1.5861;
    0.0366   -0.1169    0.5357   -0.1461   -0.0585;
   -0.7740   -0.3581   -0.3040   -0.1873    0.3487;
    0.1477   -0.0169    0.0887   -0.5134   -1.6892;
    0.9408   -0.5152    0.4531   -0.6256   -2.9188;
   -0.7772   -0.8787   -0.3125   -0.6942    0.3779;
    0.9429   -0.1244    0.6981   -0.5604   -2.0824;
    0.4769   -0.1480    0.5265   -0.6455   -1.4715;
   -0.8518   -0.0692   -0.6552   -0.5289   -1.1667;
    0.8476   -0.8261    0.3918   -0.6205    2.7177;
   -0.3557   -0.0035   -0.5357   -0.4699   -1.9391;
    0.2541   -0.2962    0.3500   -0.7869   -1.3777;
   -0.0733   -0.9856    0.4260   -0.9605    0.0504;
    0.8591   -0.4852    0.6555   -0.9419   -1.9902;
   -0.2762   -0.9013   -0.2568   -0.4017    1.5320;
    0.7813   -0.9039    0.3582   -0.6375    2.5798;
   -0.9781   -0.7161   -0.5225   -0.5100    0.4248;
   -0.7040   -0.2027   -0.4852   -0.6523   -1.1179;
    0.9742   -0.2107    0.4742   -0.2161   -3.1308;
    0.7368   -0.3480    0.2517   -0.2268    2.8967;
   -0.1693   -0.5677    0.2845   -0.3578    0.4330;
    0.6030   -0.4280    0.2497   -0.0741    2.3553;
    0.4222   -0.8051   -0.0622   -0.9291   -2.8910;
   -0.9049   -0.9144   -0.8434   -0.4182    1.4473;
    0.4471   -0.6007    0.9373   -0.6988   -0.1975;
    0.1127   -0.6944   -0.3578   -0.8637   -2.7962;
   -0.9173   -0.1449   -0.4380   -0.2873   -0.2888;
    0.0219   -0.6121    0.5212   -0.6380   -0.0518;
    0.9413   -0.6891    0.8970   -0.1911    1.6597;
   -0.3111   -0.1108   -0.7832   -0.2755   -2.8060;
    0.6763   -0.0218    0.2774   -0.3233   -2.4942;
    0.3236   -0.2002    0.8188   -0.1312    0.1385;
   -0.1598   -0.6664   -0.3739   -0.2145    2.0134;
   -0.1671   -0.5284   -0.4036   -0.9690   -2.0634;
   -0.1148   -0.0510    0.3204   -0.2972   -0.5147;
   -0.7222   -0.8990   -0.8724   -0.4222    1.8760;
   -0.1786   -0.6407   -0.5276   -0.2825    2.3432;
   -0.8926   -0.9323   -0.5052   -0.6162    0.6843;
    0.1603   -0.8832    0.6601   -0.8954   -0.0244;
    0.4116   -0.9231    0.1988   -0.4707    2.0105;
    0.3199   -0.4279    0.7943   -0.2699    0.3214;
   -0.2651   -0.7126   -0.6286   -0.3694    2.3849;
   -0.3513   -0.9327   -0.7141   -0.5886    2.3828;
   -0.5696   -0.9768   -0.3963   -0.5079    1.2167;
   -0.6937   -0.1790   -0.9778   -0.5904   -2.1751;
    0.7016   -0.7235    0.2341   -0.9010   -2.7787;
   -0.4526   -0.0354   -0.8591   -0.3265   -2.5201;
   -0.6076   -0.7646   -0.2680   -0.3977    0.8241;
    0.2454   -0.7415    0.7092   -0.9282   -0.3828;
   -0.6341   -0.6309   -0.1470   -0.5181    0.2277;
   -0.5105   -0.1897   -0.0193   -0.2834   -0.1885; 
];

end